     0/499     21.1G    0.0764     0.688         0    0.7644       118       640   0.02161   0.06545  0.005405   0.00109    0.1039   0.03021         0
     1/499     21.1G   0.07506   0.01626         0   0.09132        65       640   0.03081    0.1126  0.009175  0.001668    0.1025   0.01645         0
     2/499     21.1G   0.07165   0.01177         0   0.08342       118       640    0.1314    0.2055   0.07499   0.01763   0.09491   0.01643         0
     3/499     21.1G   0.06418   0.01099         0   0.07516       104       640    0.3752    0.3721    0.2569   0.08963   0.08495    0.0157         0
     4/499     21.1G   0.05671   0.01074         0   0.06745       126       640    0.5572    0.4772    0.4405    0.1977   0.07854   0.01533         0
     5/499     21.1G    0.0494   0.01113         0   0.06053        77       640    0.6436    0.4855    0.4942    0.2486   0.07362   0.01521         0
     6/499     21.1G   0.04431   0.01116         0   0.05547        83       640    0.6305    0.5363    0.5282    0.2746   0.06663   0.01563         0
     7/499     21.1G   0.04152   0.01137         0   0.05289       128       640    0.6303    0.5297    0.5357    0.2817   0.06542   0.01622         0
     8/499     21.1G   0.04207   0.01135         0   0.05342        92       640    0.7088    0.5132     0.556    0.2969   0.06344    0.0162         0
     9/499     21.1G   0.04159   0.01136         0   0.05295        86       640    0.6109    0.5616     0.558    0.2953   0.06205   0.01613         0
    10/499     21.1G   0.04009   0.01156         0   0.05164       109       640    0.6639    0.5327    0.5592    0.3004   0.05995   0.01661         0
    11/499     21.1G   0.03884   0.01178         0   0.05062       123       640    0.6407    0.5524    0.5636    0.2967   0.06017   0.01697         0
    12/499     21.1G   0.03909   0.01155         0   0.05064        80       640    0.6829    0.5228    0.5606    0.3003   0.05892   0.01746         0
    13/499     21.1G   0.03854   0.01137         0   0.04991        74       640     0.625    0.5098    0.5311    0.2727    0.0605   0.01726         0
    14/499     21.1G     0.039   0.01181         0   0.05081        84       640    0.6299    0.5472    0.5591    0.2997   0.05734   0.01713         0
    15/499     21.1G   0.03773   0.01177         0    0.0495        97       640    0.6382    0.5487    0.5473    0.2858   0.05808   0.01795         0
    16/499     21.1G   0.03846   0.01203         0   0.05049       108       640    0.6106    0.5053    0.5119    0.2587   0.05986    0.0178         0
    17/499     21.1G   0.03802   0.01212         0   0.05014        92       640    0.6482    0.5342    0.5558    0.3004   0.05753   0.01746         0
    18/499     21.1G   0.03761   0.01204         0   0.04965        82       640    0.6237    0.5121    0.5197    0.2783    0.0564   0.01818         0
    19/499     21.1G   0.03676   0.01241         0   0.04917       104       640    0.6204    0.5461    0.5611    0.3063    0.0554   0.01831         0
    20/499     21.1G   0.03584   0.01209         0   0.04793       103       640    0.6602    0.5518    0.5856     0.322   0.05326   0.01767         0
    21/499     21.1G   0.03561   0.01224         0   0.04785        94       640    0.6512    0.5358    0.5613    0.3119   0.05421   0.01756         0
    22/499     21.1G    0.0345   0.01194         0   0.04644        74       640    0.6407    0.5883    0.5891    0.3328   0.05264   0.01753         0
    23/499     21.1G   0.03455   0.01231         0   0.04687        91       640    0.6687      0.57     0.597    0.3339   0.05206   0.01766         0
    24/499     21.1G   0.03443   0.01187         0   0.04629        84       640    0.6832    0.5449    0.5911    0.3224   0.05219   0.01855         0
    25/499     21.1G   0.03404   0.01166         0    0.0457       116       640    0.6094    0.5274    0.5396    0.2922   0.05327   0.01887         0
    26/499     21.1G   0.03413   0.01221         0   0.04635       100       640    0.6434    0.5715    0.5957    0.3352   0.05196   0.01815         0
    27/499     21.1G   0.03308   0.01189         0   0.04497        81       640    0.6177    0.5822    0.5716    0.3263   0.05156   0.01802         0
    28/499     21.1G   0.03305   0.01142         0   0.04447        79       640    0.6872    0.5274    0.5809     0.329   0.05201   0.01946         0
    29/499     21.1G   0.03283   0.01169         0   0.04452       109       640     0.666    0.5447    0.5838    0.3399   0.05063    0.0186         0
    30/499     21.1G   0.03283   0.01171         0   0.04453       101       640    0.6759    0.5533     0.594    0.3345   0.04979   0.01861         0
    31/499     21.1G   0.03227   0.01149         0   0.04376       110       640    0.6233    0.5882    0.5807    0.3259   0.05193   0.01853         0
    32/499     21.1G   0.03239   0.01154         0   0.04393        97       640    0.6329    0.5586    0.5821    0.3431   0.05081   0.01846         0
    33/499     21.1G    0.0314   0.01151         0   0.04291        81       640    0.6727    0.5776     0.595    0.3416   0.05051   0.01839         0
    34/499     21.1G   0.03167   0.01149         0   0.04316        81       640    0.6813    0.5662    0.6101    0.3541   0.04994   0.01928         0
    35/499     21.1G   0.03146   0.01117         0   0.04264       109       640    0.7066    0.5646    0.6057    0.3537   0.05102   0.01878         0
    36/499     21.1G   0.03154   0.01124         0   0.04278        91       640    0.6588    0.5632    0.5896    0.3366     0.051   0.01921         0
    37/499     21.1G   0.03084    0.0116         0   0.04244       101       640    0.6896    0.5601    0.6151    0.3638   0.04969   0.01906         0
    38/499     21.1G   0.03068   0.01137         0   0.04205        79       640    0.6569    0.5624    0.5893    0.3438   0.05156   0.01853         0
    39/499     21.1G    0.0308   0.01103         0   0.04184        80       640    0.6765    0.5654    0.6022    0.3457   0.05065   0.01875         0
    40/499     21.1G   0.03033   0.01096         0   0.04129        68       640    0.6724    0.5753     0.614    0.3563   0.04964   0.01911         0
    41/499     21.1G   0.03085   0.01121         0   0.04206       115       640    0.6606    0.5601    0.5943    0.3441   0.05197   0.01859         0
    42/499     21.1G   0.03039   0.01078         0   0.04117        92       640    0.6747    0.5965    0.6226    0.3582    0.0503   0.01918         0
    43/499     21.1G    0.0302   0.01069         0   0.04089        81       640    0.6064    0.6096    0.6009    0.3464   0.05081   0.01925         0
    44/499     21.1G   0.02973    0.0108         0   0.04053        99       640    0.7131    0.5677    0.6275    0.3597    0.0501   0.01912         0
    45/499     21.1G   0.02981   0.01114         0   0.04095        71       640     0.706    0.5814     0.623    0.3608   0.05008   0.01953         0
    46/499     21.1G   0.02937   0.01072         0   0.04009        63       640    0.7074    0.5684    0.6207    0.3599   0.05035    0.0193         0
    47/499     21.1G   0.02926   0.01072         0   0.03998       129       640    0.6584    0.5883    0.6217    0.3658   0.04973   0.01941         0
    48/499     21.1G   0.02936   0.01103         0   0.04039       104       640    0.6425    0.5867    0.6123    0.3647   0.04989   0.01937         0
    49/499     21.1G   0.02962   0.01067         0   0.04029        93       640    0.7205    0.5594    0.6216    0.3563    0.0491   0.02031         0
    50/499     21.1G   0.02861   0.01065         0   0.03925        98       640    0.6595    0.5928    0.6183    0.3591   0.05061   0.01926         0
    51/499     21.1G   0.02896   0.01079         0   0.03975       140       640    0.6604    0.6157    0.6265    0.3635   0.04981   0.01918         0
    52/499     21.1G   0.02852   0.01071         0   0.03923        59       640    0.6388    0.5898    0.6073     0.346   0.05054   0.01966         0
    53/499     21.1G   0.02833   0.01066         0   0.03899       106       640    0.6647    0.6019    0.6122    0.3543   0.04975   0.01987         0
    54/499     21.1G   0.02839   0.01063         0   0.03902        99       640    0.7216    0.5562    0.6295    0.3661   0.04963    0.0201         0
    55/499     21.1G   0.02865   0.01062         0   0.03926        87       640    0.6866     0.589    0.6325    0.3687   0.04938   0.02001         0
    56/499     21.1G    0.0282   0.01067         0   0.03887        66       640    0.6829    0.5769    0.6225     0.365   0.04984   0.02002         0
    57/499     21.1G   0.02863   0.01065         0   0.03927        78       640    0.7021    0.5654     0.625    0.3578    0.0495    0.0196         0
    58/499     21.1G   0.02819    0.0107         0    0.0389        63       640    0.6554    0.5837    0.6111    0.3548   0.05035   0.02016         0
    59/499     21.1G   0.02769    0.0102         0   0.03789        81       640    0.7151    0.5799    0.6386    0.3813   0.04874   0.01935         0
    60/499     21.1G   0.02772   0.01022         0   0.03794        88       640    0.6613     0.584    0.6207    0.3587   0.04918   0.02032         0
    61/499     21.1G   0.02781   0.01041         0   0.03823        97       640    0.6835    0.5834    0.6357    0.3783   0.04958   0.01973         0
    62/499     21.1G   0.02788   0.01066         0   0.03854       102       640    0.6761    0.5913    0.6267    0.3581   0.04867   0.02056         0
    63/499     21.1G   0.02694   0.01023         0   0.03717        75       640    0.6897    0.5807    0.6041    0.3541   0.05075   0.02048         0
    64/499     21.1G   0.02754   0.01041         0   0.03795        69       640    0.6825     0.579    0.6271    0.3702   0.04877   0.02018         0
    65/499     21.1G   0.02767   0.01044         0    0.0381        82       640    0.6575    0.6111    0.6267    0.3698   0.04948   0.02044         0
    66/499     21.1G   0.02763   0.01025         0   0.03788        97       640    0.6733    0.6104    0.6283    0.3718   0.04949   0.02007         0
    67/499     21.1G   0.02701   0.01044         0   0.03745        78       640    0.6964    0.5639    0.5968    0.3479   0.04931    0.0215         0
    68/499     21.1G   0.02722   0.01011         0   0.03733       109       640    0.7255    0.5837    0.6422    0.3681   0.04919   0.02065         0
    69/499     21.1G    0.0269   0.01051         0    0.0374        94       640     0.672     0.605    0.6233    0.3647   0.04942   0.02023         0
    70/499     21.1G   0.02714   0.01038         0   0.03751        64       640    0.6766    0.6104     0.616     0.361   0.04931   0.02043         0
    71/499     21.1G   0.02698   0.01024         0   0.03722       101       640    0.7226     0.579    0.6182    0.3696   0.04925    0.0212         0
    72/499     21.1G   0.02672   0.01026         0   0.03698        74       640    0.6663    0.5807    0.6099    0.3594   0.04936   0.02054         0
    73/499     21.1G   0.02672   0.01017         0   0.03689       106       640    0.6958    0.5578    0.6188    0.3617   0.04861    0.0207         0
    74/499     21.1G   0.02681   0.01033         0   0.03714       126       640    0.7445    0.5654    0.6389    0.3782   0.04918   0.02067         0
    75/499     21.1G   0.02703   0.01062         0   0.03765        86       640    0.7006    0.5898    0.6427    0.3713   0.04898   0.02039         0
    76/499     21.1G   0.02631   0.01022         0   0.03654        80       640    0.6798    0.5995    0.6282     0.373   0.04867   0.02096         0
    77/499     21.1G   0.02632    0.0106         0   0.03692       115       640    0.7186     0.583    0.6138    0.3604   0.04912   0.02119         0
    78/499     21.1G   0.02635  0.009863         0   0.03621        78       640    0.7226    0.5632    0.6287    0.3734   0.04934   0.02046         0
    79/499     21.1G   0.02644   0.01024         0   0.03668       123       640    0.7111     0.583    0.6317    0.3673   0.04943   0.02084         0
    80/499     21.1G   0.02567   0.01008         0   0.03575       109       640    0.6997     0.586    0.6323    0.3761   0.04905   0.02095         0
    81/499     21.1G   0.02613  0.009855         0   0.03598        89       640    0.6914     0.589    0.6153    0.3653   0.04838   0.02186         0
    82/499     21.1G    0.0265  0.009922         0   0.03643        67       640    0.7099    0.5814    0.6247    0.3701   0.04921   0.02148         0
    83/499     21.1G   0.02576  0.009943         0    0.0357        92       640      0.71    0.5601    0.6109    0.3635   0.04868   0.02156         0
    84/499     21.1G   0.02625   0.01026         0   0.03651        68       640    0.7048    0.5669    0.6213    0.3705   0.04944   0.02164         0
    85/499     21.1G   0.02534  0.009914         0   0.03526        84       640    0.7309    0.5647    0.6335    0.3731   0.04871   0.02125         0
    86/499     21.1G   0.02569   0.01029         0   0.03598       118       640    0.7212    0.5594    0.6182    0.3658   0.04878   0.02174         0
    87/499     21.1G   0.02522   0.01005         0   0.03526       101       640    0.6919    0.5761    0.6252    0.3761   0.04857   0.02189         0
    88/499     21.1G    0.0252   0.01014         0   0.03534        63       640    0.7047    0.5563    0.6156    0.3714   0.04927   0.02133         0
    89/499     21.1G   0.02564  0.009913         0   0.03556        48       640    0.7042    0.5731    0.6223    0.3697   0.04926   0.02174         0
    90/499     21.1G   0.02486  0.009785         0   0.03464        86       640    0.6926    0.5685    0.6238    0.3719   0.04862   0.02189         0
    91/499     21.1G   0.02469   0.01024         0   0.03493       101       640    0.7236     0.544    0.6184    0.3659   0.04945   0.02263         0
    92/499     21.1G   0.02514   0.01006         0    0.0352        90       640    0.7131      0.56    0.6161    0.3731   0.04835   0.02203         0
    93/499     21.1G   0.02497   0.01026         0   0.03523        88       640    0.6779    0.5868    0.6219    0.3639   0.04862   0.02167         0
    94/499     21.1G   0.02532  0.009731         0   0.03505        95       640    0.6638    0.5982    0.6234    0.3786   0.04864    0.0215         0
    95/499     21.1G     0.025   0.01037         0   0.03537        69       640    0.7044    0.5769    0.6309    0.3763   0.04853   0.02159         0
    96/499     21.1G     0.025  0.009916         0   0.03491        83       640    0.6681    0.5997    0.6287    0.3751   0.04807   0.02191         0
    97/499     21.1G   0.02468   0.00984         0   0.03452        72       640    0.6878    0.5906    0.6287    0.3741   0.04948   0.02118         0
    98/499     21.1G    0.0248  0.009719         0   0.03452        75       640     0.688    0.5959    0.6281    0.3766    0.0496   0.02177         0
    99/499     21.1G   0.02477  0.009867         0   0.03463        83       640    0.7064    0.5753    0.6304    0.3764   0.04857   0.02162         0
   100/499     21.1G   0.02446  0.009862         0   0.03432        63       640    0.6947    0.5868    0.6225    0.3766   0.04849   0.02125         0
   101/499     21.1G   0.02504  0.009904         0   0.03495       117       640     0.691    0.5822    0.6281    0.3776   0.04856   0.02208         0
   102/499     21.1G   0.02454  0.009818         0   0.03436        96       640    0.6745    0.5769    0.6204    0.3694   0.04829   0.02163         0
   103/499     21.1G   0.02449  0.009744         0   0.03423        84       640    0.7287    0.5548    0.6252    0.3725   0.04811    0.0217         0
   104/499     21.1G   0.02455  0.009748         0    0.0343        80       640    0.6997    0.5609      0.62    0.3796   0.04816   0.02182         0
   105/499     21.1G   0.02458  0.009808         0   0.03439       100       640    0.7094    0.5578    0.6241    0.3825   0.04794   0.02197         0
   106/499     21.1G   0.02421  0.009571         0   0.03378       113       640    0.6806    0.5654    0.6177    0.3633   0.04822   0.02197         0
   107/499     21.1G   0.02406  0.009537         0    0.0336        86       640     0.696    0.5925     0.638    0.3813   0.04783   0.02211         0
   108/499     21.1G   0.02368   0.00955         0   0.03323        56       640    0.7119    0.5685    0.6354    0.3787    0.0478   0.02237         0
   109/499     21.1G   0.02394  0.009719         0   0.03365        88       640    0.6649    0.5905    0.6101    0.3675   0.04935   0.02286         0
   110/499     21.1G   0.02374  0.009374         0   0.03312        91       640    0.7083    0.5765    0.6147    0.3646   0.04875   0.02288         0
   111/499     21.1G   0.02383  0.009461         0   0.03329        66       640    0.6995    0.5761    0.6241    0.3644   0.04837   0.02229         0
   112/499     21.1G   0.02368  0.009643         0   0.03332        90       640    0.7136    0.5578    0.6148    0.3654   0.04807   0.02292         0
   113/499     21.1G   0.02345  0.009335         0   0.03278        87       640    0.7069    0.6058    0.6407    0.3788   0.04785   0.02228         0
   114/499     21.1G    0.0241  0.009427         0   0.03353        78       640    0.7034     0.592    0.6388    0.3804   0.04832   0.02239         0
   115/499     21.1G   0.02386   0.00972         0   0.03358       108       640    0.7212    0.5905    0.6398    0.3716   0.04824   0.02252         0
   116/499     21.1G    0.0237  0.009529         0   0.03323        99       640    0.6859    0.6058    0.6461    0.3732   0.04846    0.0221         0
   117/499     21.1G   0.02368  0.009316         0     0.033        95       640    0.7451    0.5852    0.6484    0.3877    0.0489   0.02246         0
   118/499     21.1G    0.0237  0.009243         0   0.03294       113       640    0.7527    0.5708    0.6455    0.3847   0.04819   0.02256         0
   119/499     21.1G   0.02405  0.009758         0   0.03381       110       640    0.7202     0.586    0.6322     0.379   0.04766   0.02276         0
   120/499     21.1G   0.02386  0.009538         0    0.0334       109       640    0.7567    0.5539    0.6355    0.3824   0.04801   0.02278         0
   121/499     21.1G   0.02354  0.009698         0   0.03323        59       640    0.7245    0.5943    0.6533    0.3936    0.0477   0.02188         0
   122/499     21.1G   0.02345  0.009707         0   0.03316        54       640    0.7283    0.6104    0.6559    0.3895   0.04754   0.02199         0
   123/499     21.1G   0.02334   0.00946         0    0.0328        59       640    0.7059    0.6126    0.6556    0.3912   0.04828   0.02202         0
   124/499     21.1G   0.02343  0.009636         0   0.03307        88       640    0.7015    0.5866    0.6273    0.3782   0.04773   0.02304         0
   125/499     21.1G   0.02313  0.009224         0   0.03235        94       640    0.7489    0.5562    0.6289    0.3708   0.04861   0.02342         0
   126/499     21.1G    0.0228  0.009178         0   0.03197        81       640    0.7421    0.5769    0.6469    0.3874   0.04773   0.02267         0
   127/499     21.1G   0.02326  0.009459         0   0.03271        59       640    0.7325    0.5753    0.6288    0.3817   0.04829    0.0227         0
   128/499     21.1G   0.02357  0.009499         0   0.03307       119       640    0.7034    0.5812    0.6353     0.384   0.04779   0.02257         0
   129/499     21.1G   0.02343  0.009463         0   0.03289       108       640    0.7047    0.5624    0.6182    0.3795   0.04841   0.02259         0
   130/499     21.1G   0.02307    0.0092         0   0.03227        93       640    0.7302     0.567    0.6176    0.3731    0.0486    0.0234         0
   131/499     21.1G   0.02285  0.009454         0   0.03231       112       640    0.7401      0.57    0.6295    0.3771   0.04886   0.02333         0
   132/499     21.1G   0.02261  0.009285         0    0.0319       142       640    0.7296    0.5812    0.6284    0.3822   0.04841    0.0234         0
   133/499     21.1G   0.02293  0.009562         0   0.03249        80       640    0.7333    0.5881    0.6306    0.3908   0.04765   0.02292         0
   134/499     21.1G   0.02253  0.009523         0   0.03205        82       640    0.7001    0.5844    0.6256    0.3807   0.04804   0.02282         0
   135/499     21.1G   0.02301  0.009711         0   0.03272        99       640    0.7022    0.5753    0.6221    0.3823   0.04854   0.02239         0
   136/499     21.1G    0.0234  0.009628         0   0.03303        93       640    0.7332    0.5715     0.626    0.3868   0.04834    0.0227         0
   137/499     21.1G   0.02276  0.009536         0    0.0323       104       640    0.7599    0.5612    0.6447    0.3923    0.0478   0.02259         0
   138/499     21.1G   0.02262  0.009399         0   0.03202        91       640     0.754    0.5693    0.6348    0.3906   0.04742   0.02314         0
   139/499     21.1G   0.02312  0.009437         0   0.03256        82       640    0.7093    0.5875    0.6347    0.3888   0.04823   0.02277         0
   140/499     21.1G   0.02343  0.009538         0   0.03297        68       640    0.7199    0.5814     0.631    0.3915   0.04777   0.02268         0
   141/499     21.1G   0.02263  0.009573         0    0.0322       119       640    0.7387    0.5708    0.6336    0.3841   0.04863   0.02291         0
   142/499     21.1G    0.0224  0.009799         0    0.0322       113       640    0.7197    0.5784    0.6249     0.373   0.04887   0.02335         0
   143/499     21.1G   0.02277  0.009537         0   0.03231       117       640    0.7208    0.5784    0.6281     0.379   0.04785   0.02282         0
   144/499     21.1G   0.02266  0.009246         0    0.0319        84       640    0.7105    0.6034    0.6359    0.3845   0.04822   0.02277         0
   145/499     21.1G   0.02231  0.009338         0   0.03165        58       640    0.6837    0.6157     0.634    0.3864   0.04824   0.02377         0
   146/499     21.1G   0.02234  0.009185         0   0.03153        73       640    0.6861    0.6005      0.63     0.381   0.04843   0.02347         0
   147/499     21.1G    0.0223  0.009402         0   0.03171       103       640     0.726    0.6005    0.6376    0.3886   0.04753   0.02393         0
   148/499     21.1G   0.02245  0.009451         0    0.0319       115       640    0.7052    0.6027    0.6429    0.3849   0.04766   0.02318         0
   149/499     21.1G    0.0221  0.009149         0   0.03125        81       640    0.7115    0.5936    0.6358    0.3761   0.04808   0.02287         0
   150/499     21.1G   0.02237   0.00909         0   0.03146        68       640    0.7025    0.6058    0.6305    0.3752   0.04843   0.02329         0
   151/499     21.1G   0.02186  0.009158         0   0.03102        98       640    0.6945     0.597    0.6272    0.3737   0.04832   0.02352         0
   152/499     21.1G   0.02201  0.009309         0   0.03132        85       640    0.7126    0.5822    0.6311    0.3834   0.04835   0.02376         0
   153/499     21.1G   0.02209   0.00926         0   0.03135        64       640    0.7257    0.5818    0.6425    0.3909   0.04811   0.02359         0
   154/499     21.1G   0.02178   0.00902         0    0.0308       102       640    0.6829    0.6031    0.6363    0.3818   0.04885    0.0237         0
   155/499     21.1G   0.02207  0.008848         0   0.03092        56       640    0.7124    0.5906    0.6374    0.3844   0.04769   0.02306         0
   156/499     21.1G   0.02191  0.008985         0    0.0309        83       640    0.7358    0.5769    0.6482    0.3898   0.04792   0.02316         0
   157/499     21.1G   0.02208  0.009305         0   0.03138        89       640    0.7318    0.5836      0.64    0.3919   0.04774    0.0233         0
   158/499     21.1G   0.02168  0.009252         0   0.03093        75       640    0.7579    0.5837    0.6374    0.3936   0.04751   0.02377         0
   159/499     21.1G   0.02205  0.009384         0   0.03144        96       640    0.7207    0.6058    0.6426    0.3938   0.04697   0.02425         0
   160/499     21.1G   0.02193  0.009241         0   0.03117        79       640    0.6938    0.5951    0.6264    0.3827   0.04698   0.02344         0
   161/499     21.1G   0.02187  0.009332         0    0.0312        88       640    0.7305    0.5921    0.6354    0.3878   0.04801   0.02318         0
   162/499     21.1G   0.02174  0.009282         0   0.03102        62       640    0.7192    0.5723    0.6322    0.3852   0.04866   0.02286         0
   163/499     21.1G   0.02169   0.00905         0   0.03074       105       640    0.7193    0.5776    0.6419    0.3881   0.04859   0.02292         0
   164/499     21.1G   0.02127  0.009028         0    0.0303        87       640    0.7396    0.5813    0.6418     0.393   0.04808   0.02334         0
   165/499     21.1G   0.02188  0.009272         0   0.03115        93       640    0.7217    0.5981     0.654    0.3999   0.04774   0.02282         0
   166/499     21.1G   0.02139  0.009032         0   0.03042        71       640    0.7344    0.5571    0.6279    0.3835    0.0484   0.02384         0
   167/499     21.1G   0.02152  0.009095         0   0.03062       151       640    0.7367    0.5753    0.6326    0.3857   0.04854   0.02411         0
   168/499     21.1G   0.02129   0.00881         0    0.0301       117       640    0.7185    0.5989    0.6458    0.3928   0.04824   0.02334         0
   169/499     21.1G   0.02085  0.008871         0   0.02972        89       640    0.7274    0.5867    0.6448    0.3814   0.04814   0.02389         0
   170/499     21.1G   0.02125  0.008994         0   0.03024        80       640    0.6967    0.6104    0.6456    0.3918   0.04773   0.02382         0
   171/499     21.1G   0.02111  0.008805         0   0.02991        98       640     0.764    0.5593    0.6479    0.3979   0.04768   0.02321         0
   172/499     21.1G   0.02036   0.00862         0   0.02898        73       640    0.7342    0.5807    0.6414    0.3879   0.04807   0.02402         0
   173/499     21.1G    0.0213  0.008783         0   0.03009        87       640    0.7107    0.5814    0.6339    0.3805   0.04809   0.02415         0
   174/499     21.1G   0.02137  0.008769         0   0.03014        79       640    0.7138    0.5814    0.6393     0.387   0.04751   0.02429         0
   175/499     21.1G   0.02086  0.008738         0    0.0296        86       640    0.6855    0.6005     0.633    0.3809   0.04861   0.02416         0
   176/499     21.1G   0.02098  0.009126         0   0.03011        83       640    0.7425    0.5684    0.6385    0.3851   0.04869   0.02409         0
   177/499     21.1G   0.02105  0.009083         0   0.03013       115       640    0.6835    0.6164    0.6345    0.3813    0.0484   0.02415         0
   178/499     21.1G   0.02073  0.008804         0   0.02954       104       640    0.7067    0.6034    0.6426    0.3843   0.04866   0.02327         0
   179/499     21.1G   0.02121  0.009183         0    0.0304        91       640    0.7406    0.5677    0.6292    0.3794    0.0484   0.02415         0
   180/499     21.1G   0.02092  0.008945         0   0.02986       121       640    0.7091    0.5714    0.6281    0.3802   0.04822   0.02401         0
   181/499     21.1G   0.02072  0.008931         0   0.02965       102       640    0.7403    0.5662    0.6238    0.3802   0.04884   0.02383         0
   182/499     21.1G   0.02115  0.008914         0   0.03006        85       640    0.7322    0.5936    0.6413    0.3903   0.04883   0.02354         0
   183/499     21.1G   0.02088  0.008853         0   0.02974        53       640    0.7276    0.5814    0.6402    0.3889   0.04846   0.02364         0
   184/499     21.1G   0.02047  0.008742         0   0.02921        84       640    0.6958    0.5918    0.6338     0.392   0.04791   0.02389         0
   185/499     21.1G   0.02078  0.008846         0   0.02963        91       640    0.7409    0.5662     0.641    0.3956   0.04815    0.0239         0
   186/499     21.1G   0.02056  0.008792         0   0.02936       131       640    0.7706    0.5556    0.6434     0.398   0.04814   0.02391         0
   187/499     21.1G   0.02048  0.009097         0   0.02958        94       640    0.7283    0.5784    0.6484    0.3972   0.04815   0.02368         0
   188/499     21.1G   0.02039    0.0087         0   0.02909        82       640    0.7103    0.5982     0.643    0.3948   0.04757   0.02427         0
   189/499     21.1G   0.02075  0.009085         0   0.02984       121       640     0.756    0.5776    0.6444    0.3994    0.0478   0.02405         0
   190/499     21.1G   0.02038  0.008687         0   0.02907       130       640    0.7581    0.5487    0.6279    0.3892   0.04818   0.02446         0
   191/499     21.1G   0.02002  0.008713         0   0.02873       111       640    0.7128    0.5797    0.6301    0.3906   0.04822    0.0247         0
   192/499     21.1G   0.02063  0.009051         0   0.02968        94       640    0.6806     0.605    0.6239    0.3905    0.0485   0.02482         0
   193/499     21.1G   0.02012  0.008739         0   0.02886        79       640    0.7715    0.5525     0.628    0.3936   0.04804    0.0249         0
   194/499     21.1G   0.02024  0.008825         0   0.02906        70       640    0.7405    0.5645    0.6279    0.3923   0.04771   0.02432         0
   195/499     21.1G   0.02049  0.008836         0   0.02932       122       640    0.7025    0.6005    0.6286    0.3847   0.04755   0.02404         0
   196/499     21.1G   0.02053  0.008998         0   0.02952       113       640    0.7573      0.57    0.6304    0.3879   0.04801   0.02444         0
   197/499     21.1G   0.01984  0.008604         0   0.02844        82       640    0.6997    0.5852     0.633    0.3903   0.04796   0.02426         0
   198/499     21.1G   0.01992  0.008947         0   0.02887        90       640    0.7689    0.5396     0.622    0.3826   0.04773   0.02439         0
   199/499     21.1G   0.02005  0.008603         0   0.02866        95       640    0.7001    0.5776    0.6147    0.3808   0.04835   0.02497         0
   200/499     21.1G   0.01979  0.008426         0   0.02821       101       640    0.7206    0.5867    0.6275    0.3862   0.04834   0.02452         0
   201/499     21.1G   0.01999  0.008436         0   0.02842        97       640    0.7045    0.5875    0.6323    0.3929   0.04818   0.02402         0
   202/499     21.1G   0.01994  0.008413         0   0.02835        61       640    0.7322    0.5805    0.6372    0.4002    0.0483   0.02434         0
   203/499     21.1G   0.02038  0.008734         0   0.02911       135       640    0.7675    0.5586    0.6362    0.3932   0.04849   0.02468         0
   204/499     21.1G   0.01948  0.008337         0   0.02781       106       640    0.7548     0.567    0.6352    0.3981    0.0483   0.02429         0
   205/499     21.1G   0.01988  0.008836         0   0.02872        58       640    0.7749    0.5609    0.6343    0.3957   0.04845   0.02472         0
   206/499     21.1G   0.01978  0.008575         0   0.02836       104       640    0.7436    0.5783    0.6335    0.3901   0.04834   0.02523         0
   207/499     21.1G   0.01995  0.008699         0   0.02865        91       640    0.7733    0.5556    0.6358    0.3915   0.04815   0.02471         0
   208/499     21.1G   0.01977  0.008757         0   0.02853        86       640    0.7507    0.5845    0.6374    0.3915   0.04794   0.02485         0
   209/499     21.1G   0.02036  0.008934         0   0.02929        92       640     0.751    0.5814    0.6381    0.3893   0.04796   0.02476         0
   210/499     21.1G   0.01997  0.008678         0   0.02865        53       640    0.7392    0.5737    0.6356    0.3931   0.04845   0.02438         0
   211/499     21.1G   0.01938  0.008801         0   0.02818        86       640     0.712    0.5814    0.6308    0.3906   0.04801    0.0247         0
   212/499     21.1G   0.01977   0.00885         0   0.02862        86       640      0.76    0.5479    0.6294    0.3865   0.04802   0.02507         0
   213/499     21.1G   0.01973  0.008964         0    0.0287       118       640    0.7306    0.5822    0.6451    0.3938   0.04751   0.02474         0
   214/499     21.1G   0.01946  0.008714         0   0.02817       115       640    0.7355    0.5692    0.6401    0.3928   0.04766    0.0246         0
   215/499     21.1G   0.01987   0.00877         0   0.02864        88       640    0.7217    0.5782    0.6368    0.3929   0.04796   0.02454         0
   216/499     21.1G   0.01941  0.008897         0    0.0283        93       640    0.7462    0.5822    0.6477    0.4007   0.04813   0.02395         0
   217/499     21.1G   0.01936  0.008469         0   0.02783        77       640    0.7161     0.605    0.6547    0.3968   0.04834   0.02375         0
   218/499     21.1G   0.01927  0.008901         0   0.02817       129       640    0.7276    0.5813    0.6516    0.4006   0.04828   0.02386         0
   219/499     21.1G   0.01972  0.008515         0   0.02823        90       640    0.7117    0.5974    0.6441     0.403   0.04812   0.02455         0
   220/499     21.1G   0.01916  0.008727         0   0.02789       120       640     0.708    0.6034    0.6424    0.3985   0.04849   0.02448         0
   221/499     21.1G   0.01948  0.008658         0   0.02814        87       640     0.716    0.5974    0.6414    0.3946   0.04837   0.02458         0
   222/499     21.1G   0.01941  0.008558         0   0.02797       102       640    0.7453    0.5722     0.638     0.393    0.0486   0.02482         0
   223/499     21.1G   0.01903   0.00843         0   0.02746       107       640    0.6969    0.5949    0.6342    0.3956   0.04844   0.02484         0
   224/499     21.1G   0.01902  0.008216         0   0.02723       110       640    0.6909    0.5959    0.6249    0.3897   0.04882    0.0253         0
   225/499     21.1G   0.01959  0.008372         0   0.02796        79       640    0.6929     0.594    0.6238    0.3893   0.04869   0.02513         0
   226/499     21.1G   0.01972  0.008855         0   0.02857        80       640    0.7017    0.5962    0.6367    0.3949   0.04817    0.0248         0
   227/499     21.1G   0.01895  0.008478         0   0.02743       124       640    0.7252    0.5791    0.6372    0.3967   0.04829   0.02459         0
   228/499     21.1G    0.0192  0.008464         0   0.02767        88       640    0.7238    0.5837    0.6364    0.3946   0.04852   0.02471         0
   229/499     21.1G   0.01905   0.00865         0   0.02769        89       640    0.7177    0.5845    0.6369    0.3949   0.04857   0.02473         0
   230/499     21.1G   0.01924  0.008389         0   0.02763        96       640     0.746    0.5654    0.6301     0.386   0.04857   0.02548         0
   231/499     21.1G   0.01892  0.008443         0   0.02736       104       640    0.7412    0.5662    0.6268    0.3845   0.04827    0.0252         0
   232/499     21.1G   0.01875  0.008197         0   0.02694        68       640    0.7433    0.5578    0.6308    0.3889   0.04826    0.0249         0
   233/499     21.1G   0.01891    0.0088         0   0.02771       114       640    0.7185    0.5753    0.6292    0.3924    0.0485   0.02513         0
   234/499     21.1G   0.01905  0.008511         0   0.02756        63       640    0.7064    0.5799    0.6259    0.3884   0.04847    0.0252         0
   235/499     21.1G    0.0187  0.008355         0   0.02706        61       640    0.7198      0.57    0.6256    0.3865   0.04844   0.02534         0
   236/499     21.1G    0.0185  0.008131         0   0.02663       107       640     0.719    0.5746    0.6309    0.3878   0.04836   0.02559         0
   237/499     21.1G   0.01872  0.008392         0   0.02711       111       640    0.7198    0.5769    0.6368    0.3935   0.04818   0.02547         0
   238/499     21.1G   0.01867  0.008354         0   0.02702       109       640    0.7194    0.5898     0.639    0.3914   0.04812   0.02543         0
   239/499     21.1G   0.01898  0.008444         0   0.02743        68       640    0.7234    0.5852    0.6383    0.3902    0.0482    0.0257         0
   240/499     21.1G   0.01871  0.008683         0   0.02739        72       640    0.7067    0.5967    0.6369    0.3892   0.04821   0.02567         0
   241/499     21.1G   0.01877  0.008536         0   0.02731       127       640    0.7216    0.5761    0.6273    0.3861   0.04815   0.02565         0
   242/499     21.1G   0.01846  0.008452         0   0.02691       112       640    0.7358    0.5632    0.6255    0.3857   0.04814   0.02558         0
   243/499     21.1G   0.01897  0.008637         0   0.02761       105       640    0.7047    0.5868    0.6282    0.3881   0.04794   0.02551         0
   244/499     21.1G   0.01822  0.008346         0   0.02657        72       640    0.7046    0.5973    0.6306      0.39   0.04799   0.02561         0
   245/499     21.1G   0.01857  0.008393         0   0.02697        90       640    0.7293    0.5845    0.6326    0.3924   0.04803   0.02582         0
   246/499     21.1G   0.01819  0.008141         0   0.02633       103       640    0.7383    0.5807    0.6416    0.3975   0.04808   0.02548         0
   247/499     21.1G   0.01856  0.008446         0   0.02701       102       640    0.7405    0.5799    0.6356    0.3948   0.04802   0.02549         0
   248/499     21.1G   0.01875  0.008607         0   0.02736       119       640    0.7155    0.5951    0.6402    0.3977   0.04808   0.02544         0
   249/499     21.1G    0.0183  0.008336         0   0.02663       135       640    0.7363    0.5822    0.6389    0.3987   0.04827    0.0254         0
   250/499     21.1G   0.01839  0.008357         0   0.02675        80       640    0.7269    0.5921     0.635     0.395   0.04834   0.02542         0
   251/499     21.1G   0.01814  0.008458         0   0.02659       103       640    0.7412    0.5776    0.6356     0.396   0.04812   0.02562         0
   252/499     21.1G   0.01828  0.008481         0   0.02676        99       640    0.7612    0.5628    0.6317    0.3897   0.04825   0.02594         0
   253/499     21.1G   0.01838  0.008385         0   0.02676        91       640    0.7531    0.5693    0.6262     0.385   0.04818   0.02603         0
   254/499     21.1G   0.01877  0.008349         0   0.02712        71       640    0.7592    0.5639    0.6261    0.3831   0.04805   0.02584         0
   255/499     21.1G   0.01808  0.008307         0   0.02639       103       640    0.7545    0.5708    0.6295    0.3864   0.04807    0.0258         0
   256/499     21.1G   0.01845  0.008198         0   0.02664        76       640      0.72     0.589    0.6371    0.3927   0.04811   0.02553         0
   257/499     21.1G   0.01775  0.008139         0   0.02588        93       640    0.7231    0.5882    0.6338    0.3901   0.04832   0.02559         0
   258/499     21.1G   0.01819  0.008194         0   0.02638        46       640    0.7532    0.5782    0.6375    0.3898   0.04824   0.02546         0
   259/499     21.1G   0.01827   0.00863         0    0.0269       106       640    0.7589    0.5774    0.6377    0.3916   0.04856   0.02552         0
   260/499     21.1G   0.01832  0.008186         0    0.0265        60       640    0.7595    0.5769    0.6346    0.3903   0.04847   0.02537         0
   261/499     21.1G   0.01787   0.00813         0     0.026       112       640    0.7472    0.5805    0.6323    0.3906   0.04833   0.02532         0
   262/499     21.1G   0.01826  0.008217         0   0.02648       111       640    0.7688     0.567    0.6291    0.3906    0.0482    0.0255         0
   263/499     21.1G   0.01753  0.007954         0   0.02549       114       640    0.7345    0.5883    0.6268    0.3886   0.04837   0.02565         0
   264/499     21.1G   0.01812  0.008398         0   0.02652       108       640    0.7347    0.5859    0.6238    0.3866   0.04834   0.02579         0
   265/499     21.1G   0.01806  0.008181         0   0.02624        73       640    0.7313    0.5845    0.6179    0.3809   0.04856   0.02612         0
   266/499     21.1G   0.01803  0.008278         0   0.02631        91       640    0.7156    0.5936    0.6217    0.3829    0.0484   0.02599         0
   267/499     21.1G   0.01701  0.007988         0     0.025        92       640     0.748    0.5692    0.6219    0.3861   0.04835   0.02583         0
   268/499     21.1G   0.01809  0.008062         0   0.02615       102       640    0.7331    0.5814    0.6306    0.3922   0.04842   0.02568         0
   269/499     21.1G   0.01782  0.008264         0   0.02608       117       640    0.7017    0.6005    0.6295    0.3926   0.04866   0.02586         0
   270/499     21.1G   0.01799  0.008511         0   0.02651        69       640    0.6815    0.6195    0.6343    0.3976   0.04856   0.02562         0
   271/499     21.1G   0.01802  0.008196         0   0.02621        74       640    0.7121    0.6004    0.6321     0.395   0.04842   0.02567         0
   272/499     21.1G   0.01753  0.007891         0   0.02542        85       640    0.7197     0.598    0.6282    0.3953   0.04843   0.02594         0
   273/499     21.1G   0.01791  0.008125         0   0.02604        63       640    0.7184    0.5944    0.6261    0.3947   0.04834   0.02606         0
   274/499     21.1G    0.0177  0.008121         0   0.02582        80       640     0.704    0.5955    0.6258    0.3956   0.04826   0.02588         0
   275/499     21.1G   0.01785  0.008125         0   0.02597        89       640    0.7038    0.5895    0.6259    0.3958   0.04826   0.02582         0
   276/499     21.1G   0.01712  0.008114         0   0.02523        94       640    0.7605    0.5594    0.6282    0.3948   0.04842   0.02593         0
   277/499     21.1G   0.01749  0.008274         0   0.02577       107       640    0.7194    0.5837    0.6272    0.3936   0.04848   0.02605         0
   278/499     21.1G   0.01779   0.00829         0   0.02608       103       640    0.7447      0.57    0.6269    0.3958   0.04848   0.02621         0
   279/499     21.1G   0.01728  0.008013         0   0.02529        66       640    0.7497    0.5609    0.6271    0.3945    0.0485   0.02632         0
   280/499     21.1G    0.0179  0.007969         0   0.02586        77       640    0.7469    0.5638    0.6266    0.3923   0.04831   0.02622         0
   281/499     21.1G   0.01759  0.007961         0   0.02555        87       640    0.6971    0.5959     0.624     0.392   0.04835   0.02609         0
   282/499     21.1G   0.01717  0.007795         0   0.02497        98       640    0.7321    0.5723    0.6263    0.3931   0.04837   0.02611         0
   283/499     21.1G   0.01748  0.008001         0   0.02548        63       640    0.7056    0.5928    0.6257    0.3905   0.04848   0.02617         0
   284/499     21.1G   0.01713  0.007682         0   0.02481        95       640    0.7103     0.586    0.6242    0.3865   0.04849   0.02632         0
   285/499     21.1G   0.01724  0.007976         0   0.02522        83       640    0.7263    0.5776    0.6223    0.3849   0.04861   0.02648         0
   286/499     21.1G   0.01732  0.007871         0   0.02519        93       640    0.6853    0.6065    0.6183    0.3833   0.04878   0.02667         0
   287/499     21.1G    0.0172  0.007964         0   0.02516        70       640    0.7301    0.5805    0.6172    0.3826     0.049   0.02655         0
   288/499     21.1G   0.01714  0.008147         0   0.02529        88       640    0.7306    0.5799    0.6186    0.3844   0.04902   0.02641         0
   289/499     21.1G   0.01691  0.008236         0   0.02515       121       640    0.7194    0.5837    0.6167    0.3851   0.04919   0.02662         0
   290/499     21.1G   0.01762  0.007976         0   0.02559       104       640    0.7306    0.5799    0.6145    0.3823   0.04928   0.02679         0
   291/499     21.1G   0.01707  0.007669         0   0.02474       105       640    0.7309    0.5814    0.6148    0.3844   0.04916   0.02677         0
   292/499     21.1G   0.01696  0.007978         0   0.02494        65       640    0.7294    0.5805    0.6131    0.3831   0.04917   0.02675         0
   293/499     21.1G   0.01693  0.007954         0   0.02488        59       640    0.7457    0.5693    0.6136    0.3843   0.04921   0.02672         0
   294/499     21.1G   0.01698  0.008102         0   0.02508       115       640    0.7569    0.5616     0.617    0.3857   0.04917   0.02671         0
   295/499     21.1G   0.01728  0.008125         0   0.02541        79       640     0.703    0.5989      0.62     0.388   0.04905   0.02682         0
   296/499     21.1G   0.01722  0.007956         0   0.02517        76       640    0.6986    0.6073    0.6256    0.3901   0.04892   0.02674         0
   297/499     21.1G   0.01692   0.00791         0   0.02483        84       640    0.7018    0.6019    0.6265    0.3906   0.04877   0.02671         0
   298/499     21.1G   0.01682  0.008165         0   0.02499       106       640    0.7263     0.583    0.6265     0.389   0.04881   0.02673         0
   299/499     21.1G   0.01713  0.007963         0   0.02509        77       640    0.6899    0.6111    0.6276    0.3892    0.0488   0.02667         0
   300/499     21.1G   0.01685  0.007852         0    0.0247        86       640    0.7187    0.5989    0.6283    0.3892   0.04872   0.02668         0
   301/499     21.1G   0.01679  0.007832         0   0.02462        96       640    0.7084    0.6035    0.6267    0.3879   0.04869   0.02678         0
   302/499     21.1G   0.01677  0.008154         0   0.02492        86       640    0.7323    0.5875    0.6243    0.3847   0.04869   0.02687         0
   303/499     21.1G   0.01663  0.007848         0   0.02448        68       640    0.7047    0.6134    0.6273    0.3857   0.04867   0.02686         0
   304/499     21.1G   0.01702  0.007848         0   0.02486        83       640    0.7194    0.5989    0.6238    0.3856   0.04879   0.02692         0
   305/499     21.1G   0.01697   0.00792         0   0.02489        67       640    0.7333    0.5881    0.6228    0.3854   0.04883   0.02705         0
   306/499     21.1G   0.01677  0.007855         0   0.02463       123       640    0.7434    0.5821    0.6249    0.3835   0.04886   0.02715         0
   307/499     21.1G   0.01655  0.007709         0   0.02426        94       640    0.7499    0.5753    0.6229    0.3825   0.04896   0.02719         0
   308/499     21.1G    0.0164  0.007736         0   0.02414        95       640    0.7246    0.5928    0.6196     0.381   0.04891   0.02723         0
   309/499     21.1G   0.01655  0.007972         0   0.02453        84       640    0.7113    0.6027     0.621    0.3827   0.04872   0.02714         0
   310/499     21.1G   0.01666  0.007987         0   0.02465        96       640    0.7316     0.589    0.6227    0.3848   0.04871   0.02706         0
   311/499     21.1G   0.01618  0.007899         0   0.02408        77       640    0.7525    0.5645    0.6206     0.384   0.04888   0.02715         0
   312/499     21.1G    0.0162  0.007695         0   0.02389        76       640    0.7239    0.5806    0.6208    0.3839   0.04886    0.0272         0
   313/499     21.1G   0.01625  0.007711         0   0.02397        97       640    0.7796    0.5492     0.622    0.3852   0.04881   0.02738         0
   314/499     21.1G   0.01592  0.007523         0   0.02344       115       640    0.7024    0.5944    0.6203    0.3858   0.04884   0.02745         0
   315/499     21.1G    0.0162  0.007732         0   0.02393        66       640    0.7411    0.5706    0.6229    0.3852   0.04897   0.02741         0
   316/499     21.1G   0.01666  0.008229         0   0.02489       102       640    0.7438      0.57    0.6212    0.3859   0.04898   0.02742         0
   317/499     21.1G    0.0163  0.007917         0   0.02422       104       640    0.7148    0.5822    0.6217    0.3848   0.04886    0.0273         0
   318/499     21.1G   0.01603  0.007579         0   0.02361        83       640    0.7548    0.5578    0.6214    0.3861   0.04882   0.02731         0
   319/499     21.1G   0.01636  0.007791         0   0.02415       108       640    0.7149    0.5858    0.6207    0.3861   0.04876   0.02743         0
   320/499     21.1G   0.01677  0.007637         0   0.02441        87       640     0.721    0.5782    0.6202    0.3863    0.0487   0.02743         0
   321/499     21.1G   0.01653  0.007937         0   0.02447        89       640    0.7259    0.5745    0.6192    0.3866   0.04875   0.02743         0
   322/499     21.1G   0.01596   0.00767         0   0.02363        94       640    0.7508    0.5616    0.6194    0.3875   0.04871   0.02742         0
   323/499     21.1G   0.01637  0.007788         0   0.02416        92       640    0.7941    0.5373    0.6187    0.3867   0.04882   0.02747         0
   324/499     21.1G   0.01659  0.007898         0   0.02449       121       640    0.7627    0.5601    0.6185    0.3869   0.04897   0.02758         0
   325/499     21.1G   0.01606  0.007887         0   0.02394        79       640    0.7614    0.5662     0.623    0.3889   0.04895    0.0275         0
   326/499     21.1G   0.01608  0.007624         0   0.02371        47       640     0.782    0.5578    0.6232    0.3882     0.049   0.02746         0
   327/499     21.1G   0.01609  0.007695         0   0.02378        80       640    0.7797    0.5577    0.6238    0.3869   0.04902   0.02748         0
   328/499     21.1G   0.01625  0.007801         0   0.02406        72       640    0.7725    0.5608    0.6217     0.386     0.049   0.02751         0
   329/499     21.1G   0.01635  0.007857         0    0.0242       120       640    0.7638    0.5684    0.6217    0.3849   0.04902   0.02762         0
   330/499     21.1G   0.01603  0.007772         0    0.0238       121       640    0.7674    0.5676    0.6201    0.3839   0.04894   0.02765         0
   331/499     21.1G   0.01576   0.00768         0   0.02344        42       640    0.7188    0.5894    0.6199    0.3848   0.04888   0.02769         0
   332/499     21.1G   0.01627  0.007575         0   0.02385        92       640    0.7219     0.589    0.6214    0.3852   0.04881   0.02765         0
   333/499     21.1G   0.01591  0.007819         0   0.02373        99       640    0.7245    0.5913    0.6228    0.3883   0.04881    0.0276         0
   334/499     21.1G   0.01609  0.007676         0   0.02376        64       640    0.7427    0.5821    0.6221    0.3878   0.04886   0.02768         0
   335/499     21.1G   0.01588  0.007781         0   0.02366        74       640    0.7527    0.5769    0.6193    0.3879   0.04885   0.02772         0
   336/499     21.1G   0.01564  0.007431         0   0.02307        79       640    0.7493    0.5753    0.6201    0.3889   0.04879   0.02775         0
   337/499     21.1G   0.01597  0.007874         0   0.02384       125       640    0.7143    0.5936    0.6194    0.3879   0.04886   0.02779         0
   338/499     21.1G   0.01554  0.007761         0    0.0233        66       640    0.7116    0.5935    0.6153    0.3855   0.04897   0.02791         0
   339/499     21.1G   0.01558  0.007584         0   0.02317        72       640    0.7237     0.586     0.616     0.386   0.04898   0.02802         0
   340/499     21.1G   0.01552  0.007676         0    0.0232       112       640    0.7061     0.598    0.6144    0.3855   0.04897   0.02804         0
   341/499     21.1G   0.01552  0.007727         0   0.02325        77       640    0.7295    0.5822    0.6163    0.3843   0.04887   0.02802         0
   342/499     21.1G   0.01539  0.007803         0   0.02319       104       640    0.7253    0.5837    0.6164    0.3848   0.04882   0.02799         0
   343/499     21.1G   0.01559  0.007512         0    0.0231        79       640    0.7277    0.5837    0.6144    0.3854   0.04883     0.028         0
   344/499     21.1G   0.01585  0.007585         0   0.02343       108       640    0.7315    0.5825    0.6151    0.3841   0.04886   0.02797         0
   345/499     21.1G   0.01522  0.007441         0   0.02266        67       640     0.705    0.5967    0.6139    0.3846   0.04888   0.02798         0
   346/499     21.1G   0.01596  0.007945         0    0.0239       100       640    0.6741    0.6201     0.612    0.3838   0.04888   0.02799         0
   347/499     21.1G   0.01512  0.007546         0   0.02267        76       640    0.6743    0.6187    0.6115    0.3833    0.0489   0.02805         0
   348/499     21.1G   0.01577  0.007741         0   0.02351        84       640    0.6812    0.6097    0.6119    0.3831   0.04889    0.0281         0
   349/499     21.1G    0.0154  0.007598         0     0.023       121       640    0.6857    0.6081    0.6109    0.3811   0.04889   0.02812         0
   350/499     21.1G   0.01577  0.007766         0   0.02354        88       640    0.7321    0.5759    0.6098    0.3788   0.04894    0.0281         0
   351/499     21.1G   0.01512  0.007502         0   0.02262        58       640    0.6949    0.6035    0.6095    0.3789   0.04898    0.0281         0
   352/499     21.1G   0.01519  0.007473         0   0.02266        74       640    0.6917     0.602    0.6089    0.3769   0.04903   0.02808         0
   353/499     21.1G   0.01523  0.007651         0   0.02288        95       640    0.7228    0.5775    0.6106     0.378   0.04907   0.02812         0
   354/499     21.1G   0.01505  0.007468         0   0.02252        47       640    0.7252    0.5784    0.6109     0.376   0.04909   0.02812         0
   355/499     21.1G   0.01525  0.007651         0    0.0229       111       640    0.7103     0.586    0.6109    0.3777   0.04907   0.02813         0
   356/499     21.1G   0.01541  0.007762         0   0.02317        83       640    0.7208    0.5807    0.6116    0.3781   0.04907   0.02824         0
   357/499     21.1G   0.01522  0.007479         0    0.0227        69       640    0.6876    0.5997    0.6105    0.3784   0.04904   0.02824         0
   358/499     21.1G    0.0148  0.007316         0   0.02212       120       640    0.6954    0.5928    0.6101    0.3775   0.04903   0.02829         0
   359/499     21.1G   0.01506  0.007609         0   0.02266        80       640    0.6848    0.6001    0.6093    0.3765   0.04908   0.02834         0
   360/499     21.1G   0.01539  0.007319         0   0.02271        67       640    0.6728    0.6104    0.6096    0.3772   0.04914   0.02838         0
   361/499     21.1G   0.01537  0.007561         0   0.02293       119       640    0.6825     0.602    0.6109    0.3786   0.04923   0.02835         0
   362/499     21.1G   0.01496  0.007344         0    0.0223        94       640    0.7056    0.5837    0.6097    0.3782   0.04932   0.02836         0
   363/499     21.1G   0.01542   0.00753         0   0.02295        70       640    0.7074    0.5851    0.6092    0.3776    0.0494   0.02839         0
   364/499     21.1G   0.01481  0.007327         0   0.02214        85       640    0.7523    0.5524    0.6066    0.3779   0.04947   0.02843         0
   365/499     21.1G   0.01542   0.00738         0    0.0228        61       640    0.7656    0.5472    0.6049    0.3779   0.04955   0.02841         0
   366/499     21.1G   0.01504  0.007604         0   0.02265        79       640     0.738    0.5616    0.6045    0.3785   0.04964   0.02841         0
   367/499     21.1G   0.01505  0.007493         0   0.02254       117       640    0.7341    0.5654    0.6049    0.3792   0.04968   0.02836         0
   368/499     21.1G   0.01472   0.00724         0   0.02196        67       640    0.7328    0.5662    0.6051    0.3788   0.04966   0.02833         0
   369/499     21.1G   0.01499  0.007388         0   0.02238       104       640    0.7299    0.5685    0.6058    0.3796   0.04966   0.02834         0
   370/499     21.1G   0.01499  0.007595         0   0.02259        72       640    0.7346    0.5654    0.6044    0.3791   0.04967   0.02833         0
   371/499     21.1G   0.01473  0.007333         0   0.02206        70       640    0.7332     0.567    0.6046    0.3787   0.04968   0.02832         0
   372/499     21.1G   0.01516   0.00748         0   0.02264        64       640    0.7765    0.5449    0.6059    0.3778   0.04971   0.02833         0
   373/499     21.1G   0.01507  0.007622         0   0.02269        92       640    0.7877    0.5395    0.6073    0.3779   0.04968    0.0283         0
   374/499     21.1G    0.0148  0.007532         0   0.02233       115       640    0.7559    0.5562    0.6096    0.3786   0.04967   0.02831         0
   375/499     21.1G     0.015  0.007496         0    0.0225        78       640    0.6853    0.5989    0.6071    0.3776   0.04968   0.02837         0
   376/499     21.1G   0.01488  0.007529         0   0.02241       111       640    0.7452    0.5609     0.607    0.3783   0.04965   0.02841         0
   377/499     21.1G   0.01481  0.007455         0   0.02227       109       640    0.7545     0.559    0.6055    0.3774   0.04961   0.02845         0
   378/499     21.1G   0.01471  0.007307         0   0.02202        87       640     0.763    0.5571    0.6057    0.3775   0.04957   0.02853         0
   379/499     21.1G   0.01465  0.007541         0   0.02219       101       640    0.7683    0.5556    0.6066    0.3776   0.04951   0.02849         0
   380/499     21.1G   0.01441  0.007353         0   0.02176       115       640    0.7714    0.5525    0.6068    0.3777   0.04944    0.0285         0
   381/499     21.1G   0.01455   0.00736         0   0.02191        85       640    0.7325    0.5753    0.6066    0.3773    0.0494   0.02848         0
   382/499     21.1G   0.01444  0.007367         0    0.0218        82       640     0.713    0.5898    0.6067    0.3777   0.04935    0.0285         0
   383/499     21.1G   0.01487    0.0075         0   0.02237       117       640    0.7369    0.5761    0.6067    0.3781   0.04929   0.02852         0
   384/499     21.1G   0.01441  0.007092         0    0.0215        93       640    0.7201    0.5837    0.6053    0.3774   0.04926   0.02854         0
   385/499     21.1G    0.0147  0.007512         0   0.02221       118       640    0.7102    0.5898    0.6053    0.3776   0.04921   0.02855         0
   386/499     21.1G   0.01478  0.007395         0   0.02218        89       640    0.7356    0.5738    0.6046    0.3778   0.04917   0.02853         0
   387/499     21.1G    0.0144  0.007195         0    0.0216       107       640    0.7325    0.5761    0.6058    0.3793   0.04915   0.02853         0
   388/499     21.1G   0.01449  0.007269         0   0.02176       103       640    0.7329    0.5783    0.6078    0.3806   0.04914   0.02853         0
   389/499     21.1G   0.01439   0.00722         0   0.02161        88       640    0.7335     0.576    0.6075      0.38   0.04913   0.02855         0
   390/499     21.1G   0.01465  0.007283         0   0.02193       117       640    0.7375    0.5761    0.6076    0.3799   0.04915   0.02856         0
   391/499     21.1G   0.01442  0.007294         0   0.02171       116       640    0.7361    0.5752    0.6069    0.3801   0.04918   0.02856         0
   392/499     21.1G   0.01416   0.00737         0   0.02153        90       640    0.7367    0.5715    0.6065    0.3807    0.0492   0.02862         0
   393/499     21.1G    0.0141  0.006961         0   0.02106       109       640    0.7274    0.5766    0.6071    0.3793   0.04922   0.02863         0
   394/499     21.1G   0.01421  0.007306         0   0.02152        92       640    0.7328    0.5723    0.6069    0.3788   0.04924   0.02865         0
   395/499     21.1G   0.01405  0.007003         0   0.02105        88       640    0.7346    0.5731    0.6069    0.3802   0.04924   0.02868         0
   396/499     21.1G   0.01477  0.007464         0   0.02224       125       640    0.7348    0.5735    0.6073    0.3788   0.04925    0.0287         0
   397/499     21.1G   0.01455  0.007355         0    0.0219        93       640    0.7304    0.5776    0.6072    0.3788   0.04929   0.02875         0
   398/499     21.1G   0.01427  0.007189         0   0.02146        95       640    0.7291    0.5784    0.6076    0.3789    0.0493    0.0288         0
   399/499     21.1G   0.01437  0.007321         0   0.02169       101       640    0.7284    0.5776    0.6064    0.3778   0.04932   0.02883         0
   400/499     21.1G   0.01433  0.007169         0    0.0215        71       640     0.726    0.5776    0.6051    0.3787   0.04934   0.02886         0
   401/499     21.1G     0.014  0.006966         0   0.02096        94       640    0.7317    0.5761    0.6062    0.3792   0.04933   0.02887         0
   402/499     21.1G   0.01407  0.007045         0   0.02112        74       640    0.7302    0.5768    0.6058     0.379   0.04932   0.02885         0
   403/499     21.1G   0.01402  0.007359         0   0.02138        83       640    0.7225     0.583    0.6055    0.3784   0.04931   0.02886         0
   404/499     21.1G    0.0146  0.007152         0   0.02175        74       640    0.7261    0.5791    0.6064     0.378   0.04932    0.0289         0
   405/499     21.1G   0.01408  0.007124         0   0.02121        85       640    0.6916    0.6043    0.6057    0.3773   0.04932   0.02891         0
   406/499     21.1G     0.014  0.007279         0   0.02128        91       640     0.712     0.589    0.6056    0.3775   0.04934   0.02893         0
   407/499     21.1G   0.01422  0.007084         0   0.02131       107       640    0.7117      0.59    0.6067    0.3779   0.04936   0.02893         0
   408/499     21.1G   0.01378   0.00711         0   0.02089        67       640    0.7086    0.5906     0.605    0.3772   0.04939   0.02894         0
   409/499     21.1G   0.01367  0.007215         0   0.02088        97       640    0.6879    0.6012    0.6057    0.3776   0.04937   0.02893         0
   410/499     21.1G   0.01419  0.007165         0   0.02136        98       640    0.6865    0.6049    0.6069     0.378   0.04936   0.02895         0
   411/499     21.1G   0.01351  0.006652         0   0.02016        59       640    0.6894    0.6027    0.6064    0.3782   0.04938   0.02897         0
   412/499     21.1G   0.01377  0.007113         0   0.02089       103       640    0.7053    0.5919    0.6071    0.3783   0.04937   0.02897         0
   413/499     21.1G   0.01349  0.007015         0    0.0205        98       640    0.6885    0.6043    0.6077    0.3785   0.04936   0.02896         0
   414/499     21.1G   0.01377  0.007185         0   0.02095       119       640    0.7393    0.5698    0.6081    0.3792   0.04936   0.02896         0
   415/499     21.1G   0.01428  0.007127         0   0.02141        84       640    0.7295    0.5766    0.6075    0.3794   0.04936   0.02901         0
   416/499     21.1G   0.01398  0.006877         0   0.02086        64       640    0.7272    0.5783    0.6075    0.3784   0.04936   0.02903         0
   417/499     21.1G     0.014   0.00712         0   0.02112       129       640    0.7138    0.5868    0.6068    0.3783   0.04936   0.02908         0
   418/499     21.1G   0.01406   0.00711         0   0.02117       127       640    0.7165     0.586    0.6077    0.3783   0.04936   0.02911         0
   419/499     21.1G   0.01411  0.007109         0   0.02122       101       640    0.7146    0.5883    0.6082    0.3785   0.04935   0.02914         0
   420/499     21.1G   0.01355   0.00706         0   0.02061        78       640    0.7182    0.5868     0.607     0.379   0.04935   0.02916         0
   421/499     21.1G   0.01396  0.007063         0   0.02103        85       640     0.718    0.5889    0.6066    0.3784   0.04935   0.02918         0
   422/499     21.1G   0.01395  0.007124         0   0.02107       105       640    0.7211    0.5868    0.6075    0.3785   0.04935    0.0292         0
   423/499     21.1G    0.0139  0.006771         0   0.02067        86       640    0.7205    0.5875     0.608    0.3782   0.04935   0.02923         0
   424/499     21.1G   0.01377  0.006976         0   0.02074       107       640    0.7209    0.5898    0.6074     0.378   0.04934   0.02925         0
   425/499     21.1G   0.01364  0.006837         0   0.02047        94       640    0.7224    0.5882    0.6062    0.3775   0.04933   0.02927         0
   426/499     21.1G   0.01398  0.007276         0   0.02126        99       640    0.7217    0.5883    0.6071    0.3775   0.04934   0.02926         0
   427/499     21.1G   0.01373  0.007166         0   0.02089        57       640    0.7208    0.5875    0.6072    0.3779   0.04933   0.02925         0
   428/499     21.1G   0.01364    0.0068         0   0.02044       107       640    0.7197    0.5868    0.6066    0.3781   0.04932   0.02927         0
   429/499     21.1G   0.01359  0.007173         0   0.02077       102       640    0.7137    0.5906    0.6071    0.3778   0.04932   0.02927         0
   430/499     21.1G   0.01382  0.007179         0     0.021        67       640    0.7163    0.5883     0.606    0.3773   0.04931   0.02929         0
   431/499     21.1G   0.01359  0.007103         0    0.0207        60       640    0.7185    0.5852    0.6064     0.378   0.04931   0.02928         0
   432/499     21.1G   0.01335  0.006983         0   0.02034        93       640    0.7462    0.5685    0.6065    0.3773   0.04931   0.02929         0
   433/499     21.1G   0.01374  0.007164         0    0.0209       136       640    0.7153    0.5889    0.6057    0.3769   0.04931   0.02931         0
   434/499     21.1G     0.014   0.00707         0   0.02107        82       640     0.742    0.5715    0.6066    0.3772    0.0493    0.0293         0
   435/499     21.1G   0.01333  0.007069         0    0.0204       103       640     0.737    0.5758    0.6059    0.3767   0.04931    0.0293         0
   436/499     21.1G   0.01354  0.007096         0   0.02063        71       640    0.7351    0.5769    0.6068    0.3774   0.04931    0.0293         0
   437/499     21.1G    0.0138  0.007142         0   0.02094        56       640    0.7356    0.5761    0.6053    0.3759   0.04931   0.02932         0
   438/499     21.1G   0.01349  0.007242         0   0.02073       108       640    0.7328    0.5761    0.6047    0.3762   0.04933   0.02933         0
   439/499     21.1G   0.01345  0.007044         0   0.02049        65       640    0.7326    0.5776    0.6047    0.3763   0.04934   0.02936         0
   440/499     21.1G   0.01372   0.00735         0   0.02107        81       640    0.7317    0.5784    0.6039    0.3761   0.04935   0.02937         0
   441/499     21.1G   0.01361  0.007155         0   0.02076       119       640    0.7324    0.5784    0.6024    0.3754   0.04935   0.02937         0
   442/499     21.1G   0.01356  0.006881         0   0.02044        86       640    0.7335    0.5781    0.6032    0.3758   0.04936    0.0294         0
   443/499     21.1G   0.01338  0.007094         0   0.02047        90       640    0.7301    0.5807    0.6032     0.376   0.04935    0.0294         0
   444/499     21.1G   0.01318  0.006821         0      0.02        89       640     0.734    0.5776    0.6043    0.3763   0.04934    0.0294         0
   445/499     21.1G   0.01338  0.006893         0   0.02027       101       640    0.7299    0.5798    0.6045    0.3765   0.04934    0.0294         0
   446/499     21.1G   0.01373  0.007212         0   0.02094        96       640    0.7336    0.5769    0.6038    0.3765   0.04933   0.02939         0
   447/499     21.1G    0.0133  0.006996         0    0.0203        72       640    0.7296    0.5776    0.6027    0.3764   0.04933    0.0294         0
   448/499     21.1G   0.01299  0.006807         0    0.0198        59       640    0.7297    0.5776    0.6017    0.3763   0.04933    0.0294         0
   449/499     21.1G   0.01338  0.007015         0   0.02039        73       640    0.7313    0.5761    0.6015    0.3766   0.04934    0.0294         0
   450/499     21.1G   0.01354  0.007323         0   0.02086        71       640    0.7335    0.5784    0.6024    0.3767   0.04934   0.02941         0
   451/499     21.1G   0.01313  0.006871         0      0.02       132       640    0.7347    0.5776    0.6018    0.3765   0.04934   0.02943         0
   452/499     21.1G   0.01319   0.00677         0   0.01996       124       640    0.7342    0.5784     0.602    0.3765   0.04934   0.02942         0
   453/499     21.1G   0.01288  0.006734         0   0.01961        81       640    0.7321    0.5784    0.6033    0.3767   0.04934   0.02943         0
   454/499     21.1G   0.01348  0.007229         0    0.0207        85       640    0.7321    0.5783    0.6022    0.3769   0.04934   0.02944         0
   455/499     21.1G   0.01334  0.006737         0   0.02008        98       640    0.7301    0.5791    0.6016    0.3763   0.04934   0.02945         0
   456/499     21.1G   0.01331  0.006828         0   0.02014        72       640     0.727    0.5797    0.6024    0.3767   0.04933   0.02944         0
   457/499     21.1G   0.01314  0.006793         0   0.01993       112       640    0.7302    0.5769    0.6019    0.3773   0.04933   0.02946         0
   458/499     21.1G   0.01324  0.006929         0   0.02017        89       640    0.7446    0.5685    0.6024    0.3764   0.04932   0.02947         0
   459/499     21.1G   0.01286  0.006679         0   0.01954        65       640    0.7394    0.5715     0.602    0.3764   0.04932   0.02949         0
   460/499     21.1G   0.01305  0.007045         0    0.0201        94       640    0.7393    0.5723    0.6019     0.376   0.04931   0.02951         0
   461/499     21.1G   0.01314  0.006816         0   0.01996       126       640    0.7383    0.5715    0.6021    0.3758   0.04931   0.02951         0
   462/499     21.1G   0.01345  0.007078         0   0.02053        91       640    0.7361    0.5715    0.6017    0.3758   0.04932   0.02952         0
   463/499     21.1G   0.01305  0.006907         0   0.01995       102       640    0.7271    0.5778    0.6011     0.376   0.04931   0.02955         0
   464/499     21.1G   0.01302  0.006763         0   0.01978       111       640    0.7263    0.5797     0.601    0.3755   0.04932   0.02956         0
   465/499     21.1G   0.01329  0.006789         0   0.02008        92       640    0.7295    0.5769    0.6015     0.376   0.04933   0.02957         0
   466/499     21.1G   0.01352  0.007114         0   0.02064       114       640    0.7258    0.5784    0.6016    0.3758   0.04934   0.02958         0
   467/499     21.1G   0.01312  0.006958         0   0.02008        78       640    0.7252    0.5783    0.6009    0.3757   0.04935    0.0296         0
   468/499     21.1G   0.01318    0.0068         0   0.01998        59       640    0.7322    0.5743    0.6004    0.3748   0.04936    0.0296         0
   469/499     21.1G   0.01253  0.006689         0   0.01922        86       640     0.709    0.5883    0.6002    0.3754   0.04937   0.02961         0
   470/499     21.1G   0.01298   0.00665         0   0.01963       112       640    0.7081     0.589    0.5994    0.3748   0.04938   0.02963         0
   471/499     21.1G   0.01336  0.006939         0   0.02029        75       640    0.7079     0.589     0.599    0.3746   0.04938   0.02964         0
   472/499     21.1G   0.01319  0.006662         0   0.01985        94       640    0.7044    0.5911    0.5996    0.3745   0.04939   0.02965         0
   473/499     21.1G   0.01321  0.006831         0   0.02004        85       640    0.7114    0.5852    0.5991    0.3748   0.04939   0.02966         0
   474/499     21.1G   0.01278  0.006704         0   0.01949        97       640    0.7082     0.586    0.5975    0.3737   0.04939   0.02968         0
   475/499     21.1G   0.01304  0.006813         0   0.01985        87       640    0.7075     0.586    0.5974    0.3738    0.0494   0.02968         0
   476/499     21.1G   0.01307  0.006843         0   0.01992       101       640    0.7059    0.5864    0.5984    0.3746   0.04939   0.02969         0
   477/499     21.1G   0.01296   0.00675         0   0.01971        87       640     0.708    0.5852    0.5971    0.3745   0.04938   0.02969         0
   478/499     21.1G   0.01343  0.006864         0    0.0203        96       640     0.707    0.5858    0.5978    0.3745   0.04938    0.0297         0
   479/499     21.1G     0.013  0.006672         0   0.01968        92       640    0.7052     0.586    0.5978    0.3744   0.04937   0.02971         0
   480/499     21.1G   0.01261  0.006526         0   0.01913        69       640    0.7068     0.586    0.5974    0.3741   0.04937   0.02972         0
   481/499     21.1G   0.01316   0.00672         0   0.01988        93       640    0.7645    0.5509    0.5976    0.3741   0.04937   0.02972         0
   482/499     21.1G   0.01287  0.006693         0   0.01956        79       640    0.7661     0.551    0.5979    0.3738   0.04936   0.02972         0
   483/499     21.1G   0.01286  0.007022         0   0.01988       104       640    0.7661     0.551    0.5987    0.3742   0.04936   0.02973         0
   484/499     21.1G   0.01319  0.006859         0   0.02005       137       640    0.7653    0.5509    0.5983    0.3743   0.04935   0.02973         0
   485/499     21.1G   0.01283  0.006695         0   0.01953        97       640    0.7659    0.5502    0.5988     0.374   0.04935   0.02972         0
   486/499     21.1G   0.01274  0.006735         0   0.01948        68       640    0.7466    0.5609    0.5992    0.3739   0.04935   0.02972         0
   487/499     21.1G   0.01306  0.006812         0   0.01988        72       640     0.751    0.5577    0.5978    0.3734   0.04936   0.02972         0
   488/499     21.1G   0.01273  0.006698         0   0.01943        80       640    0.7523    0.5569    0.5981     0.374   0.04936   0.02972         0
   489/499     21.1G   0.01317  0.006708         0   0.01988       119       640    0.7447    0.5601    0.5978    0.3742   0.04936   0.02972         0
   490/499     21.1G   0.01264  0.006686         0   0.01933       103       640    0.7525    0.5578    0.5989    0.3742   0.04935   0.02973         0
   491/499     21.1G   0.01298  0.006727         0   0.01971       109       640    0.6957    0.5933    0.5989    0.3741   0.04936   0.02974         0
   492/499     21.1G   0.01247   0.00661         0   0.01908        77       640    0.6957    0.5936    0.5988     0.374   0.04936   0.02975         0
   493/499     21.1G   0.01274  0.006641         0   0.01938        89       640    0.7285    0.5685     0.598    0.3741   0.04936   0.02975         0
   494/499     21.1G   0.01328  0.006921         0    0.0202       106       640    0.7321    0.5685    0.5982    0.3738   0.04937   0.02974         0
   495/499     21.1G   0.01284  0.006811         0   0.01965        94       640    0.7324    0.5677     0.598    0.3738   0.04937   0.02974         0
   496/499     21.1G   0.01282  0.006755         0   0.01957       123       640     0.733    0.5684    0.5981    0.3739   0.04936   0.02973         0
   497/499     21.1G   0.01304  0.006814         0   0.01985        85       640    0.7345    0.5684    0.5988    0.3738   0.04936   0.02973         0
   498/499     21.1G   0.01326  0.006995         0   0.02025        65       640    0.7345    0.5685     0.599    0.3739   0.04935   0.02972         0
   499/499     21.1G   0.01309  0.006633         0   0.01973        70       640    0.7394    0.5662    0.5996    0.3738   0.04935   0.02972         0
